1
2
3
-4
5
6
7
8
9
10
11
12
13
14
15
16
17
18
19
-20
-21
22
23
24
-25
-26
-27
28
29
30
-31
-32
-33
34
35
36
37
38
-39
-40
-41
42
43
44
45
46
47
48
49
50
51
52
53
54
55
56
-57
58
59
60
61
62
63
64
65
66
-67
-68
69
70
71
72
73
74
75
76
77
78
79
80
-81
82
83
84
85
86
87
88
89
90
91
92
93
94
95
96
97
98
99
100
101
102
103
104
105
106
107
108
109
110
111
112
113
-114
115
116
117
118
119
-120
121
-122
123
-124
125
126
127
128
-129
130
131
132
133
134
135
136
137
138
139
140
141
142
143
144
-145
-146
147
148
149
-150
151
152
-153
154
-155
156
157
158
159
-160
-161
163
164
166
167
168
169
170
171
172
173
174
175
176
178
179
180
181
182
183
184
185
187
188
189
191
194
195
196
197
198
199
200
201
204
208
209
211
212
213
214
216
217
218
228
230
231
232
234
235
236
237
238
239
240
241
242
243
244
245
246
247
248
249
250
251
252
253
254
255
256
257
258
259
260
261
262
263
264
265
266
267
268
269
270
271
272
273
274
275
276
277
278
279
280
281
282
287
288
289
290
291
292
293
294
295
296
297
298
299
301
302
303
304
305
306
308
310
315
316
317
318
319
321
322
324
325
326
327
329
331
333
334
335
336
339
352
354
357
359
360
361
362
363
364
365
366
367
368
369
370
373
374
376
417
418
419
420
421
422
424
425
427
434
435
436
438
439
440
441
443
444
448
450
454
455
457
458
460
462
465
467
468
469
470
471
473
474
476
477
478
482
483
485
488
489
490
492
493
496
497
499
503
505
506
508
509
510
511
516
517
519
520
521
522
523
524
525
526
528


-162
-165
-177
-186
-190
-192
-193
-202
-203
-205
-206
-207
-210
-215
-219
-220
-221
-222
-223
-224
-225
-226
-227
-229
-233
-283
-284
-285
-286
-300
-307
-309
-311
-312
-313
-314
-320
-323
-328
-330
-332
-337
-338
-340
-341
-342
-343
-344
-345
-346
-347
-348
-349
-350
-351
-353
-355
-356
-358
-371
-372
-375
-377
-378
-379
-380
-381
-382
-383
-384
-385
-386
-387
-388
-389
-390
-391
-392
-393
-394
-395
-396
-397
-398
-399
-400
-401
-402
-403
-404
-405
-406
-407
-408
-409
-410
-411
-412
-413
-414
-415
-416
-423
-426
-428
-429
-430
-431
-432
-433
-437
-442
-445
-446
-447
-449
-451
-452
-453
-456
-459
-461
-463
-464
-466
-472
-475
-479
-480
-481
-484
-486
-487
-491
-494
-495
-498
-500
-501
-502
-504
-507
-512
-513
-514
-515
-518
-527